0.000000000000000000e+00 1.000000000000000000e+00 2.000000000000000000e+00 3.000000000000000000e+00 4.000000000000000000e+00 5.000000000000000000e+00 6.000000000000000000e+00 7.000000000000000000e+00
1.000000000000000000e+00 0.000000000000000000e+00 9.999999999999997780e-01 2.000000000000000444e+00 2.999999999999998668e+00 3.999999999999999556e+00 2.000000000000000888e+00 3.400000000000003020e+00
2.000000000000000000e+00 9.999999999999997780e-01 0.000000000000000000e+00 2.999999999999998224e+00 4.000000000000001776e+00 5.000000000000000888e+00 1.000000000000000666e+00 2.400000000000001688e+00
3.000000000000000000e+00 2.000000000000000444e+00 2.999999999999998224e+00 0.000000000000000000e+00 1.000000000000000000e+00 2.000000000000000000e+00 4.000000000000005329e+00 5.399999999999996803e+00
4.000000000000000000e+00 2.999999999999998668e+00 4.000000000000001776e+00 1.000000000000000000e+00 0.000000000000000000e+00 1.000000000000000000e+00 4.999999999999998224e+00 6.399999999999989697e+00
5.000000000000000000e+00 3.999999999999999556e+00 5.000000000000000888e+00 2.000000000000000000e+00 1.000000000000000000e+00 0.000000000000000000e+00 6.000000000000003553e+00 7.400000000000017231e+00
6.000000000000000000e+00 2.000000000000000888e+00 1.000000000000000666e+00 4.000000000000005329e+00 4.999999999999998224e+00 6.000000000000003553e+00 0.000000000000000000e+00 1.399999999999999911e+00
7.000000000000000000e+00 3.400000000000003020e+00 2.400000000000001688e+00 5.399999999999996803e+00 6.399999999999989697e+00 7.400000000000017231e+00 1.399999999999999911e+00 0.000000000000000000e+00
