0.000000000000000000e+00 1.000000000000000000e+00 2.000000000000000000e+00 3.000000000000000000e+00 4.000000000000000000e+00 5.000000000000000000e+00 6.000000000000000000e+00 7.000000000000000000e+00 8.000000000000000000e+00 9.000000000000000000e+00 1.000000000000000000e+01 1.100000000000000000e+01 1.200000000000000000e+01 2.100000000000000000e+01 2.200000000000000000e+01 2.400000000000000000e+01 5.000000000000000000e+01
1.000000000000000000e+00 0.000000000000000000e+00 4.216579035961373623e-01 8.106340695651240713e-01 -1.000000000000000000e+00 -1.000000000000000000e+00 -1.000000000000000000e+00 -1.000000000000000000e+00 -1.000000000000000000e+00 -1.000000000000000000e+00 -1.000000000000000000e+00 -1.000000000000000000e+00 -1.000000000000000000e+00 8.553335176022162090e-01 9.040656594337008745e-01 1.004253594201549360e+00 -1.000000000000000000e+00
2.000000000000000000e+00 4.216579035961373623e-01 0.000000000000000000e+00 5.495928128947150659e-01 -1.000000000000000000e+00 -1.000000000000000000e+00 -1.000000000000000000e+00 -1.000000000000000000e+00 -1.000000000000000000e+00 -1.000000000000000000e+00 -1.000000000000000000e+00 -1.000000000000000000e+00 -1.000000000000000000e+00 5.970779018190622844e-01 6.468441167683152138e-01 7.473809061034695223e-01 -1.000000000000000000e+00
3.000000000000000000e+00 8.106340695651240713e-01 5.495928128947150659e-01 0.000000000000000000e+00 -1.000000000000000000e+00 -1.000000000000000000e+00 -1.000000000000000000e+00 -1.000000000000000000e+00 -1.000000000000000000e+00 -1.000000000000000000e+00 -1.000000000000000000e+00 -1.000000000000000000e+00 -1.000000000000000000e+00 8.978787659946940725e-02 1.479216091419450763e-01 2.511673803737719535e-01 -1.000000000000000000e+00
4.000000000000000000e+00 -1.000000000000000000e+00 -1.000000000000000000e+00 -1.000000000000000000e+00 0.000000000000000000e+00 7.914283205949075584e-02 1.822086570388284088e-01 -1.000000000000000000e+00 -1.000000000000000000e+00 -1.000000000000000000e+00 -1.000000000000000000e+00 -1.000000000000000000e+00 -1.000000000000000000e+00 -1.000000000000000000e+00 -1.000000000000000000e+00 -1.000000000000000000e+00 -1.000000000000000000e+00
5.000000000000000000e+00 -1.000000000000000000e+00 -1.000000000000000000e+00 -1.000000000000000000e+00 7.914283205949075584e-02 0.000000000000000000e+00 1.448000616837361865e-01 -1.000000000000000000e+00 -1.000000000000000000e+00 -1.000000000000000000e+00 -1.000000000000000000e+00 -1.000000000000000000e+00 -1.000000000000000000e+00 -1.000000000000000000e+00 -1.000000000000000000e+00 -1.000000000000000000e+00 -1.000000000000000000e+00
6.000000000000000000e+00 -1.000000000000000000e+00 -1.000000000000000000e+00 -1.000000000000000000e+00 1.822086570388284088e-01 1.448000616837361865e-01 0.000000000000000000e+00 -1.000000000000000000e+00 -1.000000000000000000e+00 -1.000000000000000000e+00 -1.000000000000000000e+00 -1.000000000000000000e+00 -1.000000000000000000e+00 -1.000000000000000000e+00 -1.000000000000000000e+00 -1.000000000000000000e+00 -1.000000000000000000e+00
7.000000000000000000e+00 -1.000000000000000000e+00 -1.000000000000000000e+00 -1.000000000000000000e+00 -1.000000000000000000e+00 -1.000000000000000000e+00 -1.000000000000000000e+00 0.000000000000000000e+00 1.480514187411363924e-01 3.707467799995738944e-01 2.955395202658582243e-01 1.480514187411363924e-01 3.500521444318376862e-01 -1.000000000000000000e+00 -1.000000000000000000e+00 -1.000000000000000000e+00 1.608898934164170458e-01
8.000000000000000000e+00 -1.000000000000000000e+00 -1.000000000000000000e+00 -1.000000000000000000e+00 -1.000000000000000000e+00 -1.000000000000000000e+00 -1.000000000000000000e+00 1.480514187411363924e-01 0.000000000000000000e+00 2.226953612584373077e-01 1.474881015247216376e-01 0.000000000000000000e+00 2.020007256907013216e-01 -1.000000000000000000e+00 -1.000000000000000000e+00 -1.000000000000000000e+00 9.674476121603650669e-02
9.000000000000000000e+00 -1.000000000000000000e+00 -1.000000000000000000e+00 -1.000000000000000000e+00 -1.000000000000000000e+00 -1.000000000000000000e+00 -1.000000000000000000e+00 3.707467799995738944e-01 2.226953612584373077e-01 0.000000000000000000e+00 2.182273999637304729e-01 2.226953612584376130e-01 3.009023146808739724e-01 -1.000000000000000000e+00 -1.000000000000000000e+00 -1.000000000000000000e+00 3.194401224744741752e-01
1.000000000000000000e+01 -1.000000000000000000e+00 -1.000000000000000000e+00 -1.000000000000000000e+00 -1.000000000000000000e+00 -1.000000000000000000e+00 -1.000000000000000000e+00 2.955395202658582243e-01 1.474881015247216376e-01 2.182273999637304729e-01 0.000000000000000000e+00 1.474881015247219429e-01 2.327356275849492007e-01 -1.000000000000000000e+00 -1.000000000000000000e+00 -1.000000000000000000e+00 2.442328627407584773e-01
1.100000000000000000e+01 -1.000000000000000000e+00 -1.000000000000000000e+00 -1.000000000000000000e+00 -1.000000000000000000e+00 -1.000000000000000000e+00 -1.000000000000000000e+00 1.480514187411363924e-01 0.000000000000000000e+00 2.226953612584376130e-01 1.474881015247219429e-01 0.000000000000000000e+00 2.020007256907013216e-01 -1.000000000000000000e+00 -1.000000000000000000e+00 -1.000000000000000000e+00 9.674476121603650669e-02
1.200000000000000000e+01 -1.000000000000000000e+00 -1.000000000000000000e+00 -1.000000000000000000e+00 -1.000000000000000000e+00 -1.000000000000000000e+00 -1.000000000000000000e+00 3.500521444318376862e-01 2.020007256907013216e-01 3.009023146808739724e-01 2.327356275849492007e-01 2.020007256907013216e-01 0.000000000000000000e+00 -1.000000000000000000e+00 -1.000000000000000000e+00 -1.000000000000000000e+00 2.987454869067380780e-01
2.100000000000000000e+01 8.553335176022162090e-01 5.970779018190622844e-01 8.978787659946940725e-02 -1.000000000000000000e+00 -1.000000000000000000e+00 -1.000000000000000000e+00 -1.000000000000000000e+00 -1.000000000000000000e+00 -1.000000000000000000e+00 -1.000000000000000000e+00 -1.000000000000000000e+00 -1.000000000000000000e+00 0.000000000000000000e+00 8.090722558940310893e-02 1.870975685638718300e-01 -1.000000000000000000e+00
2.200000000000000000e+01 9.040656594337008745e-01 6.468441167683152138e-01 1.479216091419450763e-01 -1.000000000000000000e+00 -1.000000000000000000e+00 -1.000000000000000000e+00 -1.000000000000000000e+00 -1.000000000000000000e+00 -1.000000000000000000e+00 -1.000000000000000000e+00 -1.000000000000000000e+00 -1.000000000000000000e+00 8.090722558940310893e-02 0.000000000000000000e+00 1.263060336137094009e-01 -1.000000000000000000e+00
2.400000000000000000e+01 1.004253594201549360e+00 7.473809061034695223e-01 2.511673803737719535e-01 -1.000000000000000000e+00 -1.000000000000000000e+00 -1.000000000000000000e+00 -1.000000000000000000e+00 -1.000000000000000000e+00 -1.000000000000000000e+00 -1.000000000000000000e+00 -1.000000000000000000e+00 -1.000000000000000000e+00 1.870975685638718300e-01 1.263060336137094009e-01 0.000000000000000000e+00 -1.000000000000000000e+00
5.000000000000000000e+01 -1.000000000000000000e+00 -1.000000000000000000e+00 -1.000000000000000000e+00 -1.000000000000000000e+00 -1.000000000000000000e+00 -1.000000000000000000e+00 1.608898934164170458e-01 9.674476121603650669e-02 3.194401224744741752e-01 2.442328627407584773e-01 9.674476121603650669e-02 2.987454869067380780e-01 -1.000000000000000000e+00 -1.000000000000000000e+00 -1.000000000000000000e+00 0.000000000000000000e+00
